{
 "cells": [
  {
   "cell_type": "markdown",
   "metadata": {},
   "source": [
    "### Данные представляют собой следующий набор:\n",
    " \n",
    "    crim\t per capita crime rate by town\n",
    "    zn\t     proportion of residential land zoned for lots over 25,000 sq.ft\n",
    "    indus\t proportion of non-retail business acres per town\n",
    "    chas\t Charles River dummy variable (= 1 if tract bounds river; 0 otherwise)\n",
    "    nox\t     nitric oxides concentration (parts per 10 million)\n",
    "    rm\t     average number of rooms per dwelling\n",
    "    age\t     proportion of owner-occupied units built prior to 1940\n",
    "    dis\t     weighted distances to five Boston employment centres\n",
    "    rad\t     index of accessibility to radial highways\n",
    "    tax\t     full-value property-tax rate per USD 10,000\n",
    "    ptratio\t pupil-teacher ratio by town\n",
    "    b\t     1000(B - 0.63)^2 where B is the proportion of blacks by town\n",
    "    lstat\t percentage of lower status of the population\n",
    "    medv\t median value of owner-occupied homes in USD 1000's\n",
    "\t\n",
    "    cmedv\t corrected median value of owner-occupied homes in USD 1000's\n",
    "    town\t name of town\n",
    "    tract\t census tract\n",
    "    lon\t     longitude of census tract\n",
    "    lat\t     latitude of census tract\n",
    "\n",
    "   cmedv – значения, которые надо спрогнозировать (medv не будет использоваться, так как имеются скорректированные значения этого же признака)\n",
    "\n"
   ]
  },
  {
   "cell_type": "code",
   "execution_count": 38,
   "metadata": {
    "collapsed": false
   },
   "outputs": [],
   "source": [
    "import numpy as np\n",
    "import pandas as pd\n",
    "import matplotlib.pyplot as plt\n",
    "#import seaborn as sns\n",
    "\n",
    "from sklearn.ensemble import RandomForestRegressor, AdaBoostRegressor, BaggingRegressor, ExtraTreesRegressor, GradientBoostingRegressor\n",
    "from sklearn.metrics.regression import mean_squared_error\n",
    "from sklearn.linear_model import Lasso, Ridge, LinearRegression, ElasticNet, ARDRegression\n",
    "from sklearn.preprocessing import MinMaxScaler\n",
    "from sklearn.grid_search import GridSearchCV\n",
    "\n",
    "%matplotlib inline"
   ]
  },
  {
   "cell_type": "code",
   "execution_count": 2,
   "metadata": {
    "collapsed": true
   },
   "outputs": [],
   "source": [
    "boston = pd.read_csv('Housing.csv', delimiter=\",\")\n",
    "boston.drop('Unnamed: 0', axis=1, inplace=True)\n",
    "boston.drop(['medv'], axis=1, inplace=True)\n",
    "\n",
    "X, y = boston.drop(['cmedv'], axis=1), boston.cmedv"
   ]
  },
  {
   "cell_type": "markdown",
   "metadata": {
    "collapsed": true
   },
   "source": [
    "Проверка на связность признаков:"
   ]
  },
  {
   "cell_type": "code",
   "execution_count": 3,
   "metadata": {
    "collapsed": false,
    "scrolled": true
   },
   "outputs": [
    {
     "data": {
      "text/html": [
       "<div>\n",
       "<table border=\"1\" class=\"dataframe\">\n",
       "  <thead>\n",
       "    <tr style=\"text-align: right;\">\n",
       "      <th></th>\n",
       "      <th>tract</th>\n",
       "      <th>lon</th>\n",
       "      <th>lat</th>\n",
       "      <th>cmedv</th>\n",
       "      <th>crim</th>\n",
       "      <th>zn</th>\n",
       "      <th>indus</th>\n",
       "      <th>chas</th>\n",
       "      <th>nox</th>\n",
       "      <th>rm</th>\n",
       "      <th>age</th>\n",
       "      <th>dis</th>\n",
       "      <th>rad</th>\n",
       "      <th>tax</th>\n",
       "      <th>ptratio</th>\n",
       "      <th>b</th>\n",
       "      <th>lstat</th>\n",
       "    </tr>\n",
       "  </thead>\n",
       "  <tbody>\n",
       "    <tr>\n",
       "      <th>tract</th>\n",
       "      <td>1.000000</td>\n",
       "      <td>-0.220890</td>\n",
       "      <td>-0.225543</td>\n",
       "      <td>0.428252</td>\n",
       "      <td>-0.547165</td>\n",
       "      <td>0.367292</td>\n",
       "      <td>-0.575705</td>\n",
       "      <td>0.041356</td>\n",
       "      <td>-0.561862</td>\n",
       "      <td>0.305207</td>\n",
       "      <td>-0.487465</td>\n",
       "      <td>0.496841</td>\n",
       "      <td>-0.828829</td>\n",
       "      <td>-0.793811</td>\n",
       "      <td>-0.532678</td>\n",
       "      <td>0.365047</td>\n",
       "      <td>-0.522485</td>\n",
       "    </tr>\n",
       "    <tr>\n",
       "      <th>lon</th>\n",
       "      <td>-0.220890</td>\n",
       "      <td>1.000000</td>\n",
       "      <td>0.143054</td>\n",
       "      <td>-0.322947</td>\n",
       "      <td>0.065101</td>\n",
       "      <td>-0.218081</td>\n",
       "      <td>0.062702</td>\n",
       "      <td>-0.175619</td>\n",
       "      <td>0.167367</td>\n",
       "      <td>-0.257110</td>\n",
       "      <td>0.204739</td>\n",
       "      <td>-0.011243</td>\n",
       "      <td>0.034067</td>\n",
       "      <td>0.058812</td>\n",
       "      <td>0.312602</td>\n",
       "      <td>-0.018300</td>\n",
       "      <td>0.195630</td>\n",
       "    </tr>\n",
       "    <tr>\n",
       "      <th>lat</th>\n",
       "      <td>-0.225543</td>\n",
       "      <td>0.143054</td>\n",
       "      <td>1.000000</td>\n",
       "      <td>0.006826</td>\n",
       "      <td>-0.084293</td>\n",
       "      <td>-0.129667</td>\n",
       "      <td>-0.041093</td>\n",
       "      <td>-0.044726</td>\n",
       "      <td>-0.071789</td>\n",
       "      <td>-0.069317</td>\n",
       "      <td>0.079035</td>\n",
       "      <td>-0.082981</td>\n",
       "      <td>-0.207013</td>\n",
       "      <td>-0.169747</td>\n",
       "      <td>-0.004527</td>\n",
       "      <td>0.105254</td>\n",
       "      <td>0.045660</td>\n",
       "    </tr>\n",
       "    <tr>\n",
       "      <th>cmedv</th>\n",
       "      <td>0.428252</td>\n",
       "      <td>-0.322947</td>\n",
       "      <td>0.006826</td>\n",
       "      <td>1.000000</td>\n",
       "      <td>-0.389582</td>\n",
       "      <td>0.360386</td>\n",
       "      <td>-0.484754</td>\n",
       "      <td>0.175663</td>\n",
       "      <td>-0.418859</td>\n",
       "      <td>0.696304</td>\n",
       "      <td>-0.377999</td>\n",
       "      <td>0.249315</td>\n",
       "      <td>-0.384766</td>\n",
       "      <td>-0.464835</td>\n",
       "      <td>-0.505655</td>\n",
       "      <td>0.334861</td>\n",
       "      <td>-0.740836</td>\n",
       "    </tr>\n",
       "    <tr>\n",
       "      <th>crim</th>\n",
       "      <td>-0.547165</td>\n",
       "      <td>0.065101</td>\n",
       "      <td>-0.084293</td>\n",
       "      <td>-0.389582</td>\n",
       "      <td>1.000000</td>\n",
       "      <td>-0.200469</td>\n",
       "      <td>0.406583</td>\n",
       "      <td>-0.055892</td>\n",
       "      <td>0.411846</td>\n",
       "      <td>-0.219247</td>\n",
       "      <td>0.352734</td>\n",
       "      <td>-0.379670</td>\n",
       "      <td>0.625505</td>\n",
       "      <td>0.584894</td>\n",
       "      <td>0.289946</td>\n",
       "      <td>-0.385064</td>\n",
       "      <td>0.455621</td>\n",
       "    </tr>\n",
       "    <tr>\n",
       "      <th>zn</th>\n",
       "      <td>0.367292</td>\n",
       "      <td>-0.218081</td>\n",
       "      <td>-0.129667</td>\n",
       "      <td>0.360386</td>\n",
       "      <td>-0.200469</td>\n",
       "      <td>1.000000</td>\n",
       "      <td>-0.533828</td>\n",
       "      <td>-0.042697</td>\n",
       "      <td>-0.513355</td>\n",
       "      <td>0.311991</td>\n",
       "      <td>-0.569537</td>\n",
       "      <td>0.664408</td>\n",
       "      <td>-0.311948</td>\n",
       "      <td>-0.306210</td>\n",
       "      <td>-0.391679</td>\n",
       "      <td>0.175520</td>\n",
       "      <td>-0.412995</td>\n",
       "    </tr>\n",
       "    <tr>\n",
       "      <th>indus</th>\n",
       "      <td>-0.575705</td>\n",
       "      <td>0.062702</td>\n",
       "      <td>-0.041093</td>\n",
       "      <td>-0.484754</td>\n",
       "      <td>0.406583</td>\n",
       "      <td>-0.533828</td>\n",
       "      <td>1.000000</td>\n",
       "      <td>0.062938</td>\n",
       "      <td>0.759143</td>\n",
       "      <td>-0.391676</td>\n",
       "      <td>0.644779</td>\n",
       "      <td>-0.708027</td>\n",
       "      <td>0.595129</td>\n",
       "      <td>0.711655</td>\n",
       "      <td>0.383248</td>\n",
       "      <td>-0.356977</td>\n",
       "      <td>0.603800</td>\n",
       "    </tr>\n",
       "    <tr>\n",
       "      <th>chas</th>\n",
       "      <td>0.041356</td>\n",
       "      <td>-0.175619</td>\n",
       "      <td>-0.044726</td>\n",
       "      <td>0.175663</td>\n",
       "      <td>-0.055892</td>\n",
       "      <td>-0.042697</td>\n",
       "      <td>0.062938</td>\n",
       "      <td>1.000000</td>\n",
       "      <td>0.096058</td>\n",
       "      <td>0.091251</td>\n",
       "      <td>0.086518</td>\n",
       "      <td>-0.099176</td>\n",
       "      <td>-0.007368</td>\n",
       "      <td>-0.024852</td>\n",
       "      <td>-0.121515</td>\n",
       "      <td>0.048788</td>\n",
       "      <td>-0.053929</td>\n",
       "    </tr>\n",
       "    <tr>\n",
       "      <th>nox</th>\n",
       "      <td>-0.561862</td>\n",
       "      <td>0.167367</td>\n",
       "      <td>-0.071789</td>\n",
       "      <td>-0.418859</td>\n",
       "      <td>0.411846</td>\n",
       "      <td>-0.513355</td>\n",
       "      <td>0.759143</td>\n",
       "      <td>0.096058</td>\n",
       "      <td>1.000000</td>\n",
       "      <td>-0.310112</td>\n",
       "      <td>0.729822</td>\n",
       "      <td>-0.770324</td>\n",
       "      <td>0.603532</td>\n",
       "      <td>0.649740</td>\n",
       "      <td>0.183588</td>\n",
       "      <td>-0.390833</td>\n",
       "      <td>0.589601</td>\n",
       "    </tr>\n",
       "    <tr>\n",
       "      <th>rm</th>\n",
       "      <td>0.305207</td>\n",
       "      <td>-0.257110</td>\n",
       "      <td>-0.069317</td>\n",
       "      <td>0.696304</td>\n",
       "      <td>-0.219247</td>\n",
       "      <td>0.311991</td>\n",
       "      <td>-0.391676</td>\n",
       "      <td>0.091251</td>\n",
       "      <td>-0.310112</td>\n",
       "      <td>1.000000</td>\n",
       "      <td>-0.240265</td>\n",
       "      <td>0.205246</td>\n",
       "      <td>-0.209847</td>\n",
       "      <td>-0.295443</td>\n",
       "      <td>-0.355501</td>\n",
       "      <td>0.128069</td>\n",
       "      <td>-0.613808</td>\n",
       "    </tr>\n",
       "    <tr>\n",
       "      <th>age</th>\n",
       "      <td>-0.487465</td>\n",
       "      <td>0.204739</td>\n",
       "      <td>0.079035</td>\n",
       "      <td>-0.377999</td>\n",
       "      <td>0.352734</td>\n",
       "      <td>-0.569537</td>\n",
       "      <td>0.644779</td>\n",
       "      <td>0.086518</td>\n",
       "      <td>0.729822</td>\n",
       "      <td>-0.240265</td>\n",
       "      <td>1.000000</td>\n",
       "      <td>-0.747881</td>\n",
       "      <td>0.456022</td>\n",
       "      <td>0.509035</td>\n",
       "      <td>0.261515</td>\n",
       "      <td>-0.273534</td>\n",
       "      <td>0.602339</td>\n",
       "    </tr>\n",
       "    <tr>\n",
       "      <th>dis</th>\n",
       "      <td>0.496841</td>\n",
       "      <td>-0.011243</td>\n",
       "      <td>-0.082981</td>\n",
       "      <td>0.249315</td>\n",
       "      <td>-0.379670</td>\n",
       "      <td>0.664408</td>\n",
       "      <td>-0.708027</td>\n",
       "      <td>-0.099176</td>\n",
       "      <td>-0.770324</td>\n",
       "      <td>0.205246</td>\n",
       "      <td>-0.747881</td>\n",
       "      <td>1.000000</td>\n",
       "      <td>-0.494588</td>\n",
       "      <td>-0.529404</td>\n",
       "      <td>-0.232471</td>\n",
       "      <td>0.291512</td>\n",
       "      <td>-0.496996</td>\n",
       "    </tr>\n",
       "    <tr>\n",
       "      <th>rad</th>\n",
       "      <td>-0.828829</td>\n",
       "      <td>0.034067</td>\n",
       "      <td>-0.207013</td>\n",
       "      <td>-0.384766</td>\n",
       "      <td>0.625505</td>\n",
       "      <td>-0.311948</td>\n",
       "      <td>0.595129</td>\n",
       "      <td>-0.007368</td>\n",
       "      <td>0.603532</td>\n",
       "      <td>-0.209847</td>\n",
       "      <td>0.456022</td>\n",
       "      <td>-0.494588</td>\n",
       "      <td>1.000000</td>\n",
       "      <td>0.916069</td>\n",
       "      <td>0.464741</td>\n",
       "      <td>-0.444413</td>\n",
       "      <td>0.488676</td>\n",
       "    </tr>\n",
       "    <tr>\n",
       "      <th>tax</th>\n",
       "      <td>-0.793811</td>\n",
       "      <td>0.058812</td>\n",
       "      <td>-0.169747</td>\n",
       "      <td>-0.464835</td>\n",
       "      <td>0.584894</td>\n",
       "      <td>-0.306210</td>\n",
       "      <td>0.711655</td>\n",
       "      <td>-0.024852</td>\n",
       "      <td>0.649740</td>\n",
       "      <td>-0.295443</td>\n",
       "      <td>0.509035</td>\n",
       "      <td>-0.529404</td>\n",
       "      <td>0.916069</td>\n",
       "      <td>1.000000</td>\n",
       "      <td>0.453625</td>\n",
       "      <td>-0.434644</td>\n",
       "      <td>0.532052</td>\n",
       "    </tr>\n",
       "    <tr>\n",
       "      <th>ptratio</th>\n",
       "      <td>-0.532678</td>\n",
       "      <td>0.312602</td>\n",
       "      <td>-0.004527</td>\n",
       "      <td>-0.505655</td>\n",
       "      <td>0.289946</td>\n",
       "      <td>-0.391679</td>\n",
       "      <td>0.383248</td>\n",
       "      <td>-0.121515</td>\n",
       "      <td>0.183588</td>\n",
       "      <td>-0.355501</td>\n",
       "      <td>0.261515</td>\n",
       "      <td>-0.232471</td>\n",
       "      <td>0.464741</td>\n",
       "      <td>0.453625</td>\n",
       "      <td>1.000000</td>\n",
       "      <td>-0.177383</td>\n",
       "      <td>0.374044</td>\n",
       "    </tr>\n",
       "    <tr>\n",
       "      <th>b</th>\n",
       "      <td>0.365047</td>\n",
       "      <td>-0.018300</td>\n",
       "      <td>0.105254</td>\n",
       "      <td>0.334861</td>\n",
       "      <td>-0.385064</td>\n",
       "      <td>0.175520</td>\n",
       "      <td>-0.356977</td>\n",
       "      <td>0.048788</td>\n",
       "      <td>-0.390833</td>\n",
       "      <td>0.128069</td>\n",
       "      <td>-0.273534</td>\n",
       "      <td>0.291512</td>\n",
       "      <td>-0.444413</td>\n",
       "      <td>-0.434644</td>\n",
       "      <td>-0.177383</td>\n",
       "      <td>1.000000</td>\n",
       "      <td>-0.366087</td>\n",
       "    </tr>\n",
       "    <tr>\n",
       "      <th>lstat</th>\n",
       "      <td>-0.522485</td>\n",
       "      <td>0.195630</td>\n",
       "      <td>0.045660</td>\n",
       "      <td>-0.740836</td>\n",
       "      <td>0.455621</td>\n",
       "      <td>-0.412995</td>\n",
       "      <td>0.603800</td>\n",
       "      <td>-0.053929</td>\n",
       "      <td>0.589601</td>\n",
       "      <td>-0.613808</td>\n",
       "      <td>0.602339</td>\n",
       "      <td>-0.496996</td>\n",
       "      <td>0.488676</td>\n",
       "      <td>0.532052</td>\n",
       "      <td>0.374044</td>\n",
       "      <td>-0.366087</td>\n",
       "      <td>1.000000</td>\n",
       "    </tr>\n",
       "  </tbody>\n",
       "</table>\n",
       "</div>"
      ],
      "text/plain": [
       "            tract       lon       lat     cmedv      crim        zn     indus  \\\n",
       "tract    1.000000 -0.220890 -0.225543  0.428252 -0.547165  0.367292 -0.575705   \n",
       "lon     -0.220890  1.000000  0.143054 -0.322947  0.065101 -0.218081  0.062702   \n",
       "lat     -0.225543  0.143054  1.000000  0.006826 -0.084293 -0.129667 -0.041093   \n",
       "cmedv    0.428252 -0.322947  0.006826  1.000000 -0.389582  0.360386 -0.484754   \n",
       "crim    -0.547165  0.065101 -0.084293 -0.389582  1.000000 -0.200469  0.406583   \n",
       "zn       0.367292 -0.218081 -0.129667  0.360386 -0.200469  1.000000 -0.533828   \n",
       "indus   -0.575705  0.062702 -0.041093 -0.484754  0.406583 -0.533828  1.000000   \n",
       "chas     0.041356 -0.175619 -0.044726  0.175663 -0.055892 -0.042697  0.062938   \n",
       "nox     -0.561862  0.167367 -0.071789 -0.418859  0.411846 -0.513355  0.759143   \n",
       "rm       0.305207 -0.257110 -0.069317  0.696304 -0.219247  0.311991 -0.391676   \n",
       "age     -0.487465  0.204739  0.079035 -0.377999  0.352734 -0.569537  0.644779   \n",
       "dis      0.496841 -0.011243 -0.082981  0.249315 -0.379670  0.664408 -0.708027   \n",
       "rad     -0.828829  0.034067 -0.207013 -0.384766  0.625505 -0.311948  0.595129   \n",
       "tax     -0.793811  0.058812 -0.169747 -0.464835  0.584894 -0.306210  0.711655   \n",
       "ptratio -0.532678  0.312602 -0.004527 -0.505655  0.289946 -0.391679  0.383248   \n",
       "b        0.365047 -0.018300  0.105254  0.334861 -0.385064  0.175520 -0.356977   \n",
       "lstat   -0.522485  0.195630  0.045660 -0.740836  0.455621 -0.412995  0.603800   \n",
       "\n",
       "             chas       nox        rm       age       dis       rad       tax  \\\n",
       "tract    0.041356 -0.561862  0.305207 -0.487465  0.496841 -0.828829 -0.793811   \n",
       "lon     -0.175619  0.167367 -0.257110  0.204739 -0.011243  0.034067  0.058812   \n",
       "lat     -0.044726 -0.071789 -0.069317  0.079035 -0.082981 -0.207013 -0.169747   \n",
       "cmedv    0.175663 -0.418859  0.696304 -0.377999  0.249315 -0.384766 -0.464835   \n",
       "crim    -0.055892  0.411846 -0.219247  0.352734 -0.379670  0.625505  0.584894   \n",
       "zn      -0.042697 -0.513355  0.311991 -0.569537  0.664408 -0.311948 -0.306210   \n",
       "indus    0.062938  0.759143 -0.391676  0.644779 -0.708027  0.595129  0.711655   \n",
       "chas     1.000000  0.096058  0.091251  0.086518 -0.099176 -0.007368 -0.024852   \n",
       "nox      0.096058  1.000000 -0.310112  0.729822 -0.770324  0.603532  0.649740   \n",
       "rm       0.091251 -0.310112  1.000000 -0.240265  0.205246 -0.209847 -0.295443   \n",
       "age      0.086518  0.729822 -0.240265  1.000000 -0.747881  0.456022  0.509035   \n",
       "dis     -0.099176 -0.770324  0.205246 -0.747881  1.000000 -0.494588 -0.529404   \n",
       "rad     -0.007368  0.603532 -0.209847  0.456022 -0.494588  1.000000  0.916069   \n",
       "tax     -0.024852  0.649740 -0.295443  0.509035 -0.529404  0.916069  1.000000   \n",
       "ptratio -0.121515  0.183588 -0.355501  0.261515 -0.232471  0.464741  0.453625   \n",
       "b        0.048788 -0.390833  0.128069 -0.273534  0.291512 -0.444413 -0.434644   \n",
       "lstat   -0.053929  0.589601 -0.613808  0.602339 -0.496996  0.488676  0.532052   \n",
       "\n",
       "          ptratio         b     lstat  \n",
       "tract   -0.532678  0.365047 -0.522485  \n",
       "lon      0.312602 -0.018300  0.195630  \n",
       "lat     -0.004527  0.105254  0.045660  \n",
       "cmedv   -0.505655  0.334861 -0.740836  \n",
       "crim     0.289946 -0.385064  0.455621  \n",
       "zn      -0.391679  0.175520 -0.412995  \n",
       "indus    0.383248 -0.356977  0.603800  \n",
       "chas    -0.121515  0.048788 -0.053929  \n",
       "nox      0.183588 -0.390833  0.589601  \n",
       "rm      -0.355501  0.128069 -0.613808  \n",
       "age      0.261515 -0.273534  0.602339  \n",
       "dis     -0.232471  0.291512 -0.496996  \n",
       "rad      0.464741 -0.444413  0.488676  \n",
       "tax      0.453625 -0.434644  0.532052  \n",
       "ptratio  1.000000 -0.177383  0.374044  \n",
       "b       -0.177383  1.000000 -0.366087  \n",
       "lstat    0.374044 -0.366087  1.000000  "
      ]
     },
     "execution_count": 3,
     "metadata": {},
     "output_type": "execute_result"
    }
   ],
   "source": [
    "boston.corr()"
   ]
  },
  {
   "cell_type": "code",
   "execution_count": 4,
   "metadata": {
    "collapsed": true
   },
   "outputs": [
    {
     "data": {
